       0
       0
       0
       0
     -87
      73
     529
     899
    1172
    1396
    1518
    1617
    1595
    1521
    1358
    1107
     808
     460
     204
    -210
    -628
    -972
   -1383
   -1642
   -1878
   -2052
   -2125
   -2102
   -2049
   -1941
   -1717
   -1458
   -1075
    -706
    -290
      40
     446
     792
    1200
    1469
    1689
    1815
    1870
    1906
    1797
    1664
    1416
    1136
     755
     369
       9
    -365
    -771
   -1134
   -1409
   -1690
   -1857
   -2003
   -2043
   -1980
   -1803
   -1692
   -1390
   -1078
    -724
    -257
      45
     429
     832
    1167
    1440
    1661
    1863
    1974
    1985
    1887
    1770
    1555
    1263
     890
     533
     148
    -190
    -655
    -960
   -1309
   -1588
   -1756
   -1932
   -1981
   -1981
   -1878
   -1698
   -1443
   -1125
    -787
    -390
     -24
     317
     708
    1105
    1377
    1673
    1810
    1953
    1962
    1915
    1825
    1606
    1347
     989
     638
     203
     -93
    -476
    -841
   -1241
   -1504
   -1763
   -1904
   -2011
   -1994
   -1922
   -1759
   -1472
   -1229
    -876
    -502
    -125
     205
     638
    1063
    1337
    1613
    1777
    1914
    1997
    1946
    1853
    1652
    1405
    1077
     749
     359
      63
    -425
    -815
   -1128
   -1441
   -1708
   -1833
   -1945
   -1997
   -1936
   -1770
   -1559
   -1288
    -980
    -565
    -244
     131
     591
     915
    1249
    1559
    1770
    1889
    1949
    1968
    1863
    1727
    1500
    1166
     816
     427
     132
    -307
    -719
   -1085
   -1413
   -1646
   -1850
   -1964
   -2025
   -1919
   -1813
   -1617
   -1367
   -1023
    -692
    -252
      42
     431
     800
    1149
    1505
    1751
    1918
    1993
    1965
    1885
    1747
    1543
    1260
     899
     527
     104
    -185
    -555
    -920
   -1327
   -1582
   -1789
   -1912
   -1995
   -1984
   -1841
   -1689
   -1454
   -1123
    -761
    -388
     -11
     331
     759
    1084
    1438
    1675
    1848
    1964
    1969
    1905
    1791
    1595
    1355
    1031
     663
     258
     -92
    -526
    -886
   -1219
   -1536
   -1764
   -1925
   -1957
   -1981
   -1924
   -1773
   -1522
   -1197
    -882
    -471
     -44
     241
     667
